1033
1033
1033
1033
1033
1063
1063
1071
1071
1071
1071
1071
1071
1073
1073
1073
1073
1097
1097
1097
1097
1097
1117
1117
1117
1117
1117
1127
1127
1127
4005
4005
4005
4013
4013
4017
5007
5063
5063
5069
5069
5121
6053
6053
6073
6073
6073
6073
6073
8081
8087
8101
8101
8107
9007
9009
9011
10003
10003
10003
10003
10003
10005
11001
12017
12017
12017
12017
12031
12033
12033
12057
12057
12071
12081
12081
12085
12085
12101
12101
12121
12121
12121
13015
13015
13015
13015
13021
13021
13021
13021
13067
13067
13077
13077
13077
13077
13077
13115
13115
13115
13115
13121
13149
13149
13207
13207
13207
13207
13237
13237
13237
13237
17021
17021
17063
17063
17063
17063
17063
17079
17079
17125
17127
17127
17127
17127
17127
17127
17135
17135
17143
17143
17157
17157
17157
17179
17179
17179
17179
17197
17197
17197
17197
17197
18029
18029
18029
18029
18051
18051
18051
18051
18073
18073
18077
18077
18077
18077
18077
18077
18089
18091
18147
18147
18153
18153
18153
18165
18165
18167
18167
18167
18167
18167
18173
19115
19155
19179
19193
19193
20107
20107
20149
20149
20149
20155
21015
21041
21041
21041
21041
21059
21059
21127
21127
21145
21145
21145
21145
21145
21145
21145
21145
21145
21145
21161
21161
21167
21177
21177
21177
21223
22019
22019
22077
22077
22077
23005
24003
24003
24003
24017
24017
24033
24033
24033
24033
24033
24043
25001
25005
25005
25009
25017
26017
26017
26115
26115
26115
26115
26121
26121
26121
26121
26121
26139
26139
26139
26147
26147
26147
26147
26163
26163
26163
26163
26163
27037
27037
27037
27037
27061
27141
27141
27141
27163
28059
28059
28149
29071
29071
29071
29071
29095
29095
29095
29095
29099
29099
29143
29143
29165
29183
29183
29189
30087
30087
31111
31111
31131
32003
32003
33015
34017
35045
35045
36061
36061
36061
36075
36075
36075
36075
36081
36085
36085
37045
37129
37145
37145
37145
37169
37169
38055
38055
38057
38057
38057
38057
39001
39001
39001
39001
39001
39007
39007
39007
39007
39013
39013
39013
39013
39013
39013
39013
39013
39025
39025
39025
39025
39025
39025
39031
39031
39031
39053
39053
39053
39053
39053
39053
39053
39061
39061
39061
39061
39081
39081
39081
39081
39081
39081
39085
39093
39095
39095
39095
39095
39167
39167
39167
39167
39167
40023
40097
40101
40103
40103
40131
40131
41049
42003
42005
42005
42005
42005
42033
42033
42045
42045
42059
42059
42059
42063
42063
42063
42063
42063
42063
42063
42063
42083
42093
42093
42095
42095
42095
42095
42133
42133
42133
45015
46051
47001
47011
47073
47085
47085
47085
47085
47085
47085
47085
47085
47085
47085
47085
47085
47085
47085
47085
47085
47085
47085
47085
47085
47085
47085
47085
47085
47085
47085
47145
47145
47145
47145
47145
47145
47145
47145
47145
47161
47161
47165
47165
47165
47165
48029
48029
48061
48113
48113
48141
48147
48149
48149
48149
48157
48157
48157
48161
48161
48175
48201
48201
48201
48201
48201
48201
48201
48201
48201
48201
48201
48201
48221
48221
48279
48279
48293
48293
48309
48375
48375
48375
48375
48401
48401
48401
48439
48439
48439
48449
48449
48449
49015
49027
49027
49035
51041
51153
51167
51167
51199
53041
53041
53041
53041
53041
54023
54023
54023
54033
54033
54033
54051
54051
54051
54051
54051
54053
54053
54053
54053
54053
54053
54061
54061
54073
54073
54079
54079
54079
54107
54107
54107
55011
55011
55011
55011
55011
55011
55021
55021
55073
55087
55089
55089
55089
55117
55117
55117
55123
56031
