8069
12085
12095
12095
12107
12107
17057
17137
17137
17137
17137
17167
17167
17167
18043
18043
18089
18097
18125
18125
18125
18125
18125
18125
18127
18129
18129
18173
18173
18173
19005
20055
21111
21111
21111
21111
21111
21161
21183
22031
24001
24001
24031
24031
24031
26045
26065
26065
27053
27123
28151
29093
29099
29175
32003
34033
35017
35031
36061
36061
36063
36087
36103
36103
36103
36103
38057
38057
38065
39017
39025
42007
42007
42073
45015
45015
45075
45079
48185
48201
48203
49015
49015
49015
49047
55079
55079
56005
56009
56023
56037
